black_wins:4,white_wins:4,total_win:4,ties:1
[[22, -3, 30, 10, 10, 30, -3, 22], [-3, -23, -24, -25, -25, -24, -23, -3], [30, -24, 13, -18, -18, 13, -24, 30], [10, -25, -18, -29, -29, -18, -25, 10], [10, -25, -18, -29, -29, -18, -25, 10], [30, -24, 13, -18, -18, 13, -24, 30], [-3, -23, -24, -25, -25, -24, -23, -3], [22, -3, 30, 10, 10, 30, -3, 22]]
('1', '[]', '[]')
black_wins:5,white_wins:4,total_win:4,ties:0
[[23, -19, 27, 31, 31, 27, -19, 23], [-19, 13, -8, -6, -6, -8, 13, -19], [27, -8, 29, -5, -5, 29, -8, 27], [31, -6, -5, 8, 8, -5, -6, 31], [31, -6, -5, 8, 8, -5, -6, 31], [27, -8, 29, -5, -5, 29, -8, 27], [-19, 13, -8, -6, -6, -8, 13, -19], [23, -19, 27, 31, 31, 27, -19, 23]]
('1', '[]', '[]')
black_wins:3,white_wins:4,total_win:3,ties:3
[[29, -2, 27, 14, 14, 27, -2, 29], [-2, -20, -28, 14, 14, -28, -20, -2], [27, -28, 5, -29, -29, 5, -28, 27], [14, 14, -29, 3, 3, -29, 14, 14], [14, 14, -29, 3, 3, -29, 14, 14], [27, -28, 5, -29, -29, 5, -28, 27], [-2, -20, -28, 14, 14, -28, -20, -2], [29, -2, 27, 14, 14, 27, -2, 29]]
('1', '[]', '[]')
black_wins:3,white_wins:3,total_win:3,ties:2
[[16, 17, -6, 29, 29, -6, 17, 16], [17, 18, -18, -2, -2, -18, 18, 17], [-6, -18, 22, -29, -29, 22, -18, -6], [29, -2, -29, -25, -25, -29, -2, 29], [29, -2, -29, -25, -25, -29, -2, 29], [-6, -18, 22, -29, -29, 22, -18, -6], [17, 18, -18, -2, -2, -18, 18, 17], [16, 17, -6, 29, 29, -6, 17, 16]]
('1', '[]', '[]')
black_wins:3,white_wins:3,total_win:3,ties:1
[[21, -7, 27, 31, 31, 27, -7, 21], [-7, -20, -8, 6, 6, -8, -20, -7], [27, -8, 28, -16, -16, 28, -8, 27], [31, 6, -16, 24, 24, -16, 6, 31], [31, 6, -16, 24, 24, -16, 6, 31], [27, -8, 28, -16, -16, 28, -8, 27], [-7, -20, -8, 6, 6, -8, -20, -7], [21, -7, 27, 31, 31, 27, -7, 21]]
('1', '[]', '[]')
black_wins:4,white_wins:3,total_win:3,ties:1
[[-12, -2, -10, 22, 22, -10, -2, -12], [-2, -16, -29, -26, -26, -29, -16, -2], [-10, -29, 6, -32, -32, 6, -29, -10], [22, -26, -32, -31, -31, -32, -26, 22], [22, -26, -32, -31, -31, -32, -26, 22], [-10, -29, 6, -32, -32, 6, -29, -10], [-2, -16, -29, -26, -26, -29, -16, -2], [-12, -2, -10, 22, 22, -10, -2, -12]]
('1', '[]', '[]')
black_wins:3,white_wins:3,total_win:3,ties:1
[[21, 31, 22, 27, 27, 22, 31, 21], [31, 22, -5, 12, 12, -5, 22, 31],  [22, -5, 24, -32, -32, 24, -5, 22], [27, 12, -32, -13, -13, -32, 12, 27], [27, 12, -32, -13, -13, -32, 12, 27], [22, -5, 24, -32, -32, 24, -5, 22], [31, 22, -5, 12, 12, -5, 22, 31], [21, 31, 22, 27, 27, 22, 31, 21]]
('1', '[]', '[]')
black_wins:3,white_wins:3,total_win:3,ties:1
[[-20, 29, 28, 16, 16, 28, 29, -20], [29, 30, -24, 0, 0, -24, 30, 29], [28, -24, 15, -17, -17, 15, -24, 28], [16, 0, -17, 8, 8, -17, 0, 16], [16, 0, -17, 8, 8, -17, 0, 16], [28, -24, 15, -17, -17, 15, -24, 28], [29, 30, -24, 0, 0, -24, 30, 29], [-20, 29, 28, 16, 16, 28, 29, -20]]
('1', '[]', '[]')
black_wins:3,white_wins:4,total_win:3,ties:0
[[25, 13, 31, 29, 29, 31, 13, 25], [13, 15, -6, 10, 10, -6, 15, 13], [31, -6, 19, 13, 13, 19, -6, 31], [29, 10, 13, -20, -20, 13, 10, 29], [29, 10, 13, -20, -20, 13, 10, 29], [31, -6, 19, 13, 13, 19, -6, 31], [13, 15, -6, 10, 10, -6, 15, 13], [25, 13, 31, 29, 29, 31, 13, 25]]
('1', '[]', '[]')
black_wins:3,white_wins:5,total_win:3,ties:0
[[20, 31, -21, 21, 21, -21, 31, 20], [31, 31, -20, 8, 8, -20, 31, 31], [-21, -20, -7, -24, -24, -7, -20, -21], [21, 8, -24, -25, -25, -24, 8, 21], [21, 8, -24, -25, -25, -24, 8, 21], [-21, -20, -7, -24, -24, -7, -20, -21], [31, 31, -20, 8, 8, -20, 31, 31], [20, 31, -21, 21, 21, -21, 31, 20]]
('1', '[]', '[]')
black_wins:3,white_wins:3,total_win:3,ties:0
[[22, 3, 0, -1, -1, 0, 3, 22], [3, 12, -4, 5, 5, -4, 12, 3], [0, -4, 31, -19, -19, 31, -4, 0], [-1, 5, -19, -17, -17, -19, 5, -1], [-1, 5, -19, -17, -17, -19, 5, -1], [0, -4, 31, -19, -19, 31, -4, 0], [3, 12, -4, 5, 5, -4, 12, 3], [22, 3, 0, -1, -1, 0, 3, 22]]
('1', '[]', '[]')
black_wins:4,white_wins:3,total_win:3,ties:0
[[27, 27, 19, 30, 30, 19, 27, 27], [27, 0, -27, 7, 7, -27, 0, 27], [19, -27, 30, -20, -20, 30, -27, 19], [30, 7, -20, -21, -21, -20, 7, 30], [30, 7, -20, -21, -21, -20, 7, 30], [19, -27, 30, -20, -20, 30, -27, 19], [27, 0, -27, 7, 7, -27, 0, 27], [27, 27, 19, 30, 30, 19, 27, 27]]
('1', '[]', '[]')
black_wins:2,white_wins:4,total_win:2,ties:1
[[0, -1, 27, 6, 6, 27, -1, 0], [-1, 25, -6, 11, 11, -6, 25, -1], [27, -6, 24, -28, -28, 24, -6, 27], [6, 11, -28, 21, 21, -28, 11, 6], [6, 11, -28, 21, 21, -28, 11, 6], [27, -6, 24, -28, -28, 24, -6, 27], [-1, 25, -6, 11, 11, -6, 25, -1], [0, -1, 27, 6, 6, 27, -1, 0]]
('1', '[]', '[]')
black_wins:2,white_wins:3,total_win:2,ties:1
[[-4, 25, 26, 29, 29, 26, 25, -4], [25, 16, -8, -19, -19, -8, 16, 25], [26, -8, 0, 11, 11, 0, -8, 26], [29, -19, 11, -7, -7, 11, -19, 29], [29, -19, 11, -7, -7, 11, -19, 29], [26, -8, 0, 11, 11, 0, -8, 26], [25, 16, -8, -19, -19, -8, 16, 25], [-4, 25, 26, 29, 29, 26, 25, -4]]
('1', '[]', '[]')
black_wins:3,white_wins:2,total_win:2,ties:1
[[29, 18, 27, 27, 27, 27, 18, 29], [18, 9, -16, 0, 0, -16, 9, 18], [27, -16, 11, -15, -15, 11, -16, 27], [27, 0, -15, 20, 20, -15, 0, 27], [27, 0, -15, 20, 20, -15, 0, 27], [27, -16, 11, -15, -15, 11, -16, 27], [18, 9, -16, 0, 0, -16, 9, 18], [29, 18, 27, 27, 27, 27, 18, 29]]
('1', '[]', '[]')
black_wins:2,white_wins:2,total_win:2,ties:1
[[29, 13, 27, 31, 31, 27, 13, 29], [13, -20, -6, 14, 14, -6, -20, 13], [27, -6, 17, 8, 8, 17, -6, 27], [31, 14, 8, 18, 18, 8, 14, 31], [31, 14, 8, 18, 18, 8, 14, 31], [27, -6, 17, 8, 8, 17, -6, 27], [13, -20, -6, 14, 14, -6, -20, 13], [29, 13, 27, 31, 31, 27, 13, 29]]
('1', '[]', '[]')
black_wins:2,white_wins:2,total_win:2,ties:1
[[30, -4, 27, 23, 23, 27, -4, 30], [-4, -31, -8, 20, 20, -8, -31, -4], [27, -8, 28, -21, -21, 28, -8, 27], [23, 20, -21, -7, -7, -21, 20, 23], [23, 20, -21, -7, -7, -21, 20, 23], [27, -8, 28, -21, -21, 28, -8, 27], [-4, -31, -8, 20, 20, -8, -31, -4], [30, -4, 27, 23, 23, 27, -4, 30]]
('1', '[]', '[]')
black_wins:2,white_wins:3,total_win:2,ties:1
[[28, 25, 2, 22, 22, 2, 25, 28], [25, -21, -15, -24, -24, -15, -21, 25], [2, -15, 14, -23, -23, 14, -15, 2], [22, -24, -23, -12, -12, -23, -24, 22], [22, -24, -23, -12, -12, -23, -24, 22], [2, -15, 14, -23, -23, 14, -15, 2], [25, -21, -15, -24, -24, -15, -21, 25], [28, 25, 2, 22, 22, 2, 25, 28]]
('1', '[]', '[]')
black_wins:3,white_wins:2,total_win:2,ties:1
[[17, 23, 2, 3, 3, 2, 23, 17], [23, -22, -32, 12, 12, -32, -22, 23], [2, -32, -2, -23, -23, -2, -32, 2], [3, 12, -23, -9, -9, -23, 12, 3], [3, 12, -23, -9, -9, -23, 12, 3], [2, -32, -2, -23, -23, -2, -32, 2], [23, -22, -32, 12, 12, -32, -22, 23], [17, 23, 2, 3, 3, 2, 23, 17]]
('1', '[]', '[]')
black_wins:2,white_wins:3,total_win:2,ties:1
[[30, -4, 26, 21, 21, 26, -4, 30], [-4, -31, -6, 16, 16, -6, -31, -4], [26, -6, 28, -17, -17, 28, -6, 26], [21, 16, -17, -5, -5, -17, 16, 21], [21, 16, -17, -5, -5, -17, 16, 21], [26, -6, 28, -17, -17, 28, -6, 26], [-4, -31, -6, 16, 16, -6, -31, -4], [30, -4, 26, 21, 21, 26, -4, 30]]
('1', '[]', '[]')
black_wins:2,white_wins:4,total_win:2,ties:0
[[31, 11, 3, 19, 19, 3, 11, 31], [11, 10, -1, 0, 0, -1, 10, 11], [3, -1, 29, -32, -32, 29, -1, 3], [19, 0, -32, 5, 5, -32, 0, 19], [19, 0, -32, 5, 5, -32, 0, 19], [3, -1, 29, -32, -32, 29, -1, 3], [11, 10, -1, 0, 0, -1, 10, 11], [31, 11, 3, 19, 19, 3, 11, 31]]
('1', '[]', '[]')
black_wins:3,white_wins:2,total_win:2,ties:0
[[21, 13, 0, 19, 19, 0, 13, 21], [13, 12, -4, 0, 0, -4, 12, 13], [0, -4, 31, -27, -27, 31, -4, 0], [19, 0, -27, 12, 12, -27, 0, 19], [19, 0, -27, 12, 12, -27, 0, 19], [0, -4, 31, -27, -27, 31, -4, 0], [13, 12, -4, 0, 0, -4, 12, 13], [21, 13, 0, 19, 19, 0, 13, 21]]
('1', '[]', '[]')
black_wins:2,white_wins:4,total_win:2,ties:0
[[29, 25, 27, 29, 29, 27, 25, 29], [25, -4, -14, 6, 6, -14, -4, 25], [27, -14, 25, 1, 1, 25, -14, 27], [29, 6, 1, 24, 24, 1, 6, 29], [29, 6, 1, 24, 24, 1, 6, 29], [27, -14, 25, 1, 1, 25, -14, 27], [25, -4, -14, 6, 6, -14, -4, 25], [29, 25, 27, 29, 29, 27, 25, 29]]
('1', '[]', '[]')
black_wins:2,white_wins:5,total_win:2,ties:0
[[20, 11, 11, 30, 30, 11, 11, 20], [11, 6, -4, 5, 5, -4, 6, 11], [11, -4, 28, -22, -22, 28, -4, 11], [30, 5, -22, -14, -14, -22, 5, 30], [30, 5, -22, -14, -14, -22, 5, 30], [11, -4, 28, -22, -22, 28, -4, 11], [11, 6, -4, 5, 5, -4, 6, 11], [20, 11, 11, 30, 30, 11, 11, 20]]
('1', '[]', '[]')
black_wins:3,white_wins:2,total_win:2,ties:0
[[25, 11, 26, 30, 30, 26, 11, 25], [11, 8, -29, 5, 5, -29, 8, 11], [26, -29, 18, -19, -19, 18, -29, 26], [30, 5, -19, -21, -21, -19, 5, 30], [30, 5, -19, -21, -21, -19, 5, 30], [26, -29, 18, -19, -19, 18, -29, 26], [11, 8, -29, 5, 5, -29, 8, 11], [25, 11, 26, 30, 30, 26, 11, 25]]
('1', '[]', '[]')
black_wins:2,white_wins:4,total_win:2,ties:0
[[29, 7, 11, 7, 7, 11, 7, 29], [7, -21, -31, 24, 24, -31, -21, 7], [11, -31, -4, -24, -24, -4, -31, 11], [7, 24, -24, -10, -10, -24, 24, 7], [7, 24, -24, -10, -10, -24, 24, 7], [11, -31, -4, -24, -24, -4, -31, 11], [7, -21, -31, 24, 24, -31, -21, 7], [29, 7, 11, 7, 7, 11, 7, 29]]
('1', '[]', '[]')
black_wins:4,white_wins:2,total_win:2,ties:0
[[29, 23, 27, 12, 12, 27, 23, 29], [23, -18, -32, 14, 14, -32, -18, 23], [27, -32, 19, -17, -17, 19, -32, 27], [12, 14, -17, 2, 2, -17, 14, 12], [12, 14, -17, 2, 2, -17, 14, 12], [27, -32, 19, -17, -17, 19, -32, 27], [23, -18, -32, 14, 14, -32, -18, 23], [29, 23, 27, 12, 12, 27, 23, 29]]
('1', '[]', '[]')
black_wins:4,white_wins:2,total_win:2,ties:0
[[22, 15, 0, 30, 30, 0, 15, 22], [15, 0, -11, 5, 5, -11, 0, 15], [0, -11, 30, -23, -23, 30, -11, 0], [30, 5, -23, -22, -22, -23, 5, 30], [30, 5, -23, -22, -22, -23, 5, 30], [0, -11, 30, -23, -23, 30, -11, 0], [15, 0, -11, 5, 5, -11, 0, 15], [22, 15, 0, 30, 30, 0, 15, 22]]
('1', '[]', '[]')
black_wins:2,white_wins:5,total_win:2,ties:0
[[17, -11, 18, 19, 19, 18, -11, 17], [-11, -26, -8, 12, 12, -8, -26, -11], [18, -8, 28, -31, -31, 28, -8, 18], [19, 12, -31, -13, -13, -31, 12, 19], [19, 12, -31, -13, -13, -31, 12, 19], [18, -8, 28, -31, -31, 28, -8, 18], [-11, -26, -8, 12, 12, -8, -26, -11], [17, -11, 18, 19, 19, 18, -11, 17]]
('1', '[]', '[]')
black_wins:2,white_wins:4,total_win:2,ties:0
[[21, 15, -17, 31, 31, -17, 15, 21], [15, 15, -18, 8, 8, -18, 15, 15], [-17, -18, 25, -28, -28, 25, -18, -17], [31, 8, -28, 20, 20, -28, 8, 31], [31, 8, -28, 20, 20, -28, 8, 31], [-17, -18, 25, -28, -28, 25, -18, -17], [15, 15, -18, 8, 8, -18, 15, 15], [21, 15, -17, 31, 31, -17, 15, 21]]
('1', '[]', '[]')
black_wins:2,white_wins:4,total_win:2,ties:0
[[17, 23, 18, 10, 10, 18, 23, 17], [23, 26, 1, 4, 4, 1, 26, 23], [18, 1, 22, -17, -17, 22, 1, 18], [10, 4, -17, -13, -13, -17, 4, 10], [10, 4, -17, -13, -13, -17, 4, 10], [18, 1, 22, -17, -17, 22, 1, 18], [23, 26, 1, 4, 4, 1, 26, 23], [17, 23, 18, 10, 10, 18, 23, 17]]
('1', '[]', '[]')
black_wins:2,white_wins:4,total_win:2,ties:0
[[20, 29, 29, 25, 25, 29, 29, 20], [29, 15, -2, 9, 9, -2, 15, 29], [29, -2, 27, -27, -27, 27, -2, 29], [25, 9, -27, -21, -21, -27, 9, 25], [25, 9, -27, -21, -21, -27, 9, 25], [29, -2, 27, -27, -27, 27, -2, 29], [29, 15, -2, 9, 9, -2, 15, 29], [20, 29, 29, 25, 25, 29, 29, 20]]
('1', '[]', '[]')
black_wins:2,white_wins:3,total_win:2,ties:0
[[-4, 14, -10, 23, 23, -10, 14, -4], [14, -12, -29, 10, 10, -29, -12, 14], [-10, -29, 2, -32, -32, 2, -29, -10], [23, 10, -32, 25, 25, -32, 10, 23], [23, 10, -32, 25, 25, -32, 10, 23], [-10, -29, 2, -32, -32, 2, -29, -10], [14, -12, -29, 10, 10, -29, -12, 14], [-4, 14, -10, 23, 23, -10, 14, -4]]
('1', '[]', '[]')
black_wins:3,white_wins:2,total_win:2,ties:0
[[21, -3, 26, 26, 26, 26, -3, 21], [-3, 12, -3, 4, 4, -3, 12, -3], [26, -3, 17, -23, -23, 17, -3, 26], [26, 4, -23, 24, 24, -23, 4, 26], [26, 4, -23, 24, 24, -23, 4, 26], [26, -3, 17, -23, -23, 17, -3, 26], [-3, 12, -3, 4, 4, -3, 12, -3], [21, -3, 26, 26, 26, 26, -3, 21]]
('1', '[]', '[]')
black_wins:2,white_wins:2,total_win:2,ties:0
[[29, 31, 18, 14, 14, 18, 31, 29], [31, 30, -5, 10, 10, -5, 30, 31], [18, -5, 18, -18, -18, 18, -5, 18], [14, 10, -18, 27, 27, -18, 10, 14], [14, 10, -18, 27, 27, -18, 10, 14], [18, -5, 18, -18, -18, 18, -5, 18], [31, 30, -5, 10, 10, -5, 30, 31], [29, 31, 18, 14, 14, 18, 31, 29]]
('1', '[]', '[]')
black_wins:4,white_wins:2,total_win:2,ties:0
[[27, -9, 22, 30, 30, 22, -9, 27], [-9, -10, -8, 10, 10, -8, -10, -9], [22, -8, 22, -20, -20, 22, -8, 22], [30, 10, -20, 7, 7, -20, 10, 30], [30, 10, -20, 7, 7, -20, 10, 30], [22, -8, 22, -20, -20, 22, -8, 22], [-9, -10, -8, 10, 10, -8, -10, -9], [27, -9, 22, 30, 30, 22, -9, 27]]
('1', '[]', '[]')
